gridtype  = lonlat
xsize     = 4320
ysize     = 2160
xfirst    = -179.9583333333333
xinc      = 0.08333333333
yfirst    = -89.9583333333333
yinc      = 0.08333333333 